1000 1000
0 226 3 989 2 33 0
1 480 1 200 0 333 0
0 535 3 661 1 89 0
2 12 0 154 3 678 2
2 69 0 700 3 948 3
2 102 3 436 0 22 2
2 435 0 817 2 535 2
1 903 3 675 1 565 3
0 535 3 661 1 89 0
2 12 0 154 3 678 2
2 69 0 700 3 948 3
2 102 3 436 0 22 2
2 435 0 817 2 535 2
0 535 3 661 1 89 0
2 12 0 154 3 678 2
2 69 0 700 3 948 3
2 102 3 436 0 22 2
2 435 0 817 2 535 2
1 656 2 155 0 564 3
0 535 3 661 1 89 0
2 12 0 154 3 678 2
2 69 0 700 3 948 3
2 102 3 436 0 22 2
2 435 0 817 2 535 2
0 535 3 661 1 89 0
2 12 0 154 3 678 2
2 69 0 700 3 948 3
2 102 3 436 0 22 2
2 435 0 817 2 535 2
0 535 3 661 1 89 0
2 12 0 154 3 678 2
2 69 0 700 3 948 3
2 102 3 436 0 22 2
2 435 0 817 2 535 2
0 535 3 661 1 89 0
2 12 0 154 3 678 2
2 69 0 700 3 948 3
2 102 3 436 0 22 2
2 435 0 817 2 535 2
1 86 0 128 2 997 1
1 231 1 94 2 23 3
2 132 1 123 0 443 3
0 535 3 661 1 89 0
2 12 0 154 3 678 2
2 69 0 700 3 948 3
2 102 3 436 0 22 2
2 435 0 817 2 535 2
0 535 3 661 1 89 0
2 12 0 154 3 678 2
2 69 0 700 3 948 3
2 102 3 436 0 22 2
2 435 0 817 2 535 2
0 535 3 661 1 89 0
2 12 0 154 3 678 2
2 69 0 700 3 948 3
2 102 3 436 0 22 2
2 435 0 817 2 535 2
1 790 0 488 3 142 0
0 535 3 661 1 89 0
2 12 0 154 3 678 2
2 69 0 700 3 948 3
2 102 3 436 0 22 2
2 435 0 817 2 535 2
0 535 3 661 1 89 0
2 12 0 154 3 678 2
2 69 0 700 3 948 3
2 102 3 436 0 22 2
2 435 0 817 2 535 2
0 535 3 661 1 89 0
2 12 0 154 3 678 2
2 69 0 700 3 948 3
2 102 3 436 0 22 2
2 435 0 817 2 535 2
2 4 0 701 3 966 0
2 164 3 21 3 87 1
0 535 3 661 1 89 0
2 12 0 154 3 678 2
2 69 0 700 3 948 3
2 102 3 436 0 22 2
2 435 0 817 2 535 2
0 535 3 661 1 89 0
2 12 0 154 3 678 2
2 69 0 700 3 948 3
2 102 3 436 0 22 2
2 435 0 817 2 535 2
1 311 2 431 3 658 2
0 535 3 661 1 89 0
2 12 0 154 3 678 2
2 69 0 700 3 948 3
2 102 3 436 0 22 2
2 435 0 817 2 535 2
0 975 3 178 2 19 2
0 535 3 661 1 89 0
2 12 0 154 3 678 2
2 69 0 700 3 948 3
2 102 3 436 0 22 2
2 435 0 817 2 535 2
1 411 1 472 3 232 2
0 535 3 661 1 89 0
2 12 0 154 3 678 2
2 69 0 700 3 948 3
2 102 3 436 0 22 2
2 435 0 817 2 535 2
0 535 3 661 1 89 0
2 12 0 154 3 678 2
2 69 0 700 3 948 3
2 102 3 436 0 22 2
2 435 0 817 2 535 2
1 884 3 830 3 305 1
0 535 3 661 1 89 0
2 12 0 154 3 678 2
2 69 0 700 3 948 3
2 102 3 436 0 22 2
2 435 0 817 2 535 2
0 776 1 816 3 140 2
2 936 1 982 1 133 3
0 535 3 661 1 89 0
2 12 0 154 3 678 2
2 69 0 700 3 948 3
2 102 3 436 0 22 2
2 435 0 817 2 535 2
0 163 3 171 2 817 3
1 954 3 612 0 879 3
0 535 3 661 1 89 0
2 12 0 154 3 678 2
2 69 0 700 3 948 3
2 102 3 436 0 22 2
2 435 0 817 2 535 2
0 452 1 594 2 361 2
0 535 3 661 1 89 0
2 12 0 154 3 678 2
2 69 0 700 3 948 3
2 102 3 436 0 22 2
2 435 0 817 2 535 2
0 535 3 661 1 89 0
2 12 0 154 3 678 2
2 69 0 700 3 948 3
2 102 3 436 0 22 2
2 435 0 817 2 535 2
0 611 1 457 2 208 1
0 535 3 661 1 89 0
2 12 0 154 3 678 2
2 69 0 700 3 948 3
2 102 3 436 0 22 2
2 435 0 817 2 535 2
0 40 1 901 2 208 1
1 944 0 796 3 368 1
0 535 3 661 1 89 0
2 12 0 154 3 678 2
2 69 0 700 3 948 3
2 102 3 436 0 22 2
2 435 0 817 2 535 2
2 20 3 701 3 220 0
1 479 1 114 0 36 0
1 621 3 537 2 66 1
0 535 3 661 1 89 0
2 12 0 154 3 678 2
2 69 0 700 3 948 3
2 102 3 436 0 22 2
2 435 0 817 2 535 2
0 535 3 661 1 89 0
2 12 0 154 3 678 2
2 69 0 700 3 948 3
2 102 3 436 0 22 2
2 435 0 817 2 535 2
0 535 3 661 1 89 0
2 12 0 154 3 678 2
2 69 0 700 3 948 3
2 102 3 436 0 22 2
2 435 0 817 2 535 2
0 122 3 614 0 187 1
0 535 3 661 1 89 0
2 12 0 154 3 678 2
2 69 0 700 3 948 3
2 102 3 436 0 22 2
2 435 0 817 2 535 2
0 535 3 661 1 89 0
2 12 0 154 3 678 2
2 69 0 700 3 948 3
2 102 3 436 0 22 2
2 435 0 817 2 535 2
0 535 3 661 1 89 0
2 12 0 154 3 678 2
2 69 0 700 3 948 3
2 102 3 436 0 22 2
2 435 0 817 2 535 2
0 38 1 728 1 141 0
0 535 3 661 1 89 0
2 12 0 154 3 678 2
2 69 0 700 3 948 3
2 102 3 436 0 22 2
2 435 0 817 2 535 2
0 535 3 661 1 89 0
2 12 0 154 3 678 2
2 69 0 700 3 948 3
2 102 3 436 0 22 2
2 435 0 817 2 535 2
0 535 3 661 1 89 0
2 12 0 154 3 678 2
2 69 0 700 3 948 3
2 102 3 436 0 22 2
2 435 0 817 2 535 2
1 335 1 564 0 524 3
0 954 3 369 0 743 1
2 844 2 826 3 460 3
0 535 3 661 1 89 0
2 12 0 154 3 678 2
2 69 0 700 3 948 3
2 102 3 436 0 22 2
2 435 0 817 2 535 2
0 535 3 661 1 89 0
2 12 0 154 3 678 2
2 69 0 700 3 948 3
2 102 3 436 0 22 2
2 435 0 817 2 535 2
0 535 3 661 1 89 0
2 12 0 154 3 678 2
2 69 0 700 3 948 3
2 102 3 436 0 22 2
2 435 0 817 2 535 2
1 995 2 94 1 901 3
0 7 1 706 1 615 1
0 535 3 661 1 89 0
2 12 0 154 3 678 2
2 69 0 700 3 948 3
2 102 3 436 0 22 2
2 435 0 817 2 535 2
2 840 0 692 0 370 3
2 726 3 500 3 84 3
0 535 3 661 1 89 0
2 12 0 154 3 678 2
2 69 0 700 3 948 3
2 102 3 436 0 22 2
2 435 0 817 2 535 2
2 916 3 972 2 820 0
0 535 3 661 1 89 0
2 12 0 154 3 678 2
2 69 0 700 3 948 3
2 102 3 436 0 22 2
2 435 0 817 2 535 2
0 250 3 824 1 615 0
0 535 3 661 1 89 0
2 12 0 154 3 678 2
2 69 0 700 3 948 3
2 102 3 436 0 22 2
2 435 0 817 2 535 2
0 159 2 12 2 609 3
0 535 3 661 1 89 0
2 12 0 154 3 678 2
2 69 0 700 3 948 3
2 102 3 436 0 22 2
2 435 0 817 2 535 2
0 535 3 661 1 89 0
2 12 0 154 3 678 2
2 69 0 700 3 948 3
2 102 3 436 0 22 2
2 435 0 817 2 535 2
0 535 3 661 1 89 0
2 12 0 154 3 678 2
2 69 0 700 3 948 3
2 102 3 436 0 22 2
2 435 0 817 2 535 2
1 413 2 376 0 754 2
0 535 3 661 1 89 0
2 12 0 154 3 678 2
2 69 0 700 3 948 3
2 102 3 436 0 22 2
2 435 0 817 2 535 2
0 718 0 292 1 804 2
0 535 3 661 1 89 0
2 12 0 154 3 678 2
2 69 0 700 3 948 3
2 102 3 436 0 22 2
2 435 0 817 2 535 2
1 896 1 731 2 885 1
0 535 3 661 1 89 0
2 12 0 154 3 678 2
2 69 0 700 3 948 3
2 102 3 436 0 22 2
2 435 0 817 2 535 2
0 535 3 661 1 89 0
2 12 0 154 3 678 2
2 69 0 700 3 948 3
2 102 3 436 0 22 2
2 435 0 817 2 535 2
2 976 0 587 2 286 3
0 535 3 661 1 89 0
2 12 0 154 3 678 2
2 69 0 700 3 948 3
2 102 3 436 0 22 2
2 435 0 817 2 535 2
2 251 3 60 1 459 0
0 486 3 84 2 427 2
2 843 2 297 0 481 1
2 13 3 327 0 537 3
1 550 2 110 1 815 1
2 584 1 711 0 315 0
0 535 3 661 1 89 0
2 12 0 154 3 678 2
2 69 0 700 3 948 3
2 102 3 436 0 22 2
2 435 0 817 2 535 2
0 535 3 661 1 89 0
2 12 0 154 3 678 2
2 69 0 700 3 948 3
2 102 3 436 0 22 2
2 435 0 817 2 535 2
1 567 3 645 0 588 2
0 535 3 661 1 89 0
2 12 0 154 3 678 2
2 69 0 700 3 948 3
2 102 3 436 0 22 2
2 435 0 817 2 535 2
1 969 3 37 1 889 3
2 962 0 524 0 561 1
0 535 3 661 1 89 0
2 12 0 154 3 678 2
2 69 0 700 3 948 3
2 102 3 436 0 22 2
2 435 0 817 2 535 2
0 535 3 661 1 89 0
2 12 0 154 3 678 2
2 69 0 700 3 948 3
2 102 3 436 0 22 2
2 435 0 817 2 535 2
0 535 3 661 1 89 0
2 12 0 154 3 678 2
2 69 0 700 3 948 3
2 102 3 436 0 22 2
2 435 0 817 2 535 2
1 412 2 66 3 498 3
0 535 3 661 1 89 0
2 12 0 154 3 678 2
2 69 0 700 3 948 3
2 102 3 436 0 22 2
2 435 0 817 2 535 2
0 535 3 661 1 89 0
2 12 0 154 3 678 2
2 69 0 700 3 948 3
2 102 3 436 0 22 2
2 435 0 817 2 535 2
0 535 3 661 1 89 0
2 12 0 154 3 678 2
2 69 0 700 3 948 3
2 102 3 436 0 22 2
2 435 0 817 2 535 2
1 60 0 45 1 498 2
1 185 3 398 1 175 3
0 535 3 661 1 89 0
2 12 0 154 3 678 2
2 69 0 700 3 948 3
2 102 3 436 0 22 2
2 435 0 817 2 535 2
0 535 3 661 1 89 0
2 12 0 154 3 678 2
2 69 0 700 3 948 3
2 102 3 436 0 22 2
2 435 0 817 2 535 2
0 535 3 661 1 89 0
2 12 0 154 3 678 2
2 69 0 700 3 948 3
2 102 3 436 0 22 2
2 435 0 817 2 535 2
0 535 3 661 1 89 0
2 12 0 154 3 678 2
2 69 0 700 3 948 3
2 102 3 436 0 22 2
2 435 0 817 2 535 2
0 312 1 501 3 779 1
0 638 3 275 2 791 0
0 535 3 661 1 89 0
2 12 0 154 3 678 2
2 69 0 700 3 948 3
2 102 3 436 0 22 2
2 435 0 817 2 535 2
0 535 3 661 1 89 0
2 12 0 154 3 678 2
2 69 0 700 3 948 3
2 102 3 436 0 22 2
2 435 0 817 2 535 2
0 535 3 661 1 89 0
2 12 0 154 3 678 2
2 69 0 700 3 948 3
2 102 3 436 0 22 2
2 435 0 817 2 535 2
0 535 3 661 1 89 0
2 12 0 154 3 678 2
2 69 0 700 3 948 3
2 102 3 436 0 22 2
2 435 0 817 2 535 2
2 655 1 206 2 772 1
0 753 3 443 1 0 0
0 535 3 661 1 89 0
2 12 0 154 3 678 2
2 69 0 700 3 948 3
2 102 3 436 0 22 2
2 435 0 817 2 535 2
1 396 0 852 3 976 2
0 535 3 661 1 89 0
2 12 0 154 3 678 2
2 69 0 700 3 948 3
2 102 3 436 0 22 2
2 435 0 817 2 535 2
0 535 3 661 1 89 0
2 12 0 154 3 678 2
2 69 0 700 3 948 3
2 102 3 436 0 22 2
2 435 0 817 2 535 2
0 535 3 661 1 89 0
2 12 0 154 3 678 2
2 69 0 700 3 948 3
2 102 3 436 0 22 2
2 435 0 817 2 535 2
2 146 3 752 1 108 2
1 515 3 240 0 386 3
0 535 3 661 1 89 0
2 12 0 154 3 678 2
2 69 0 700 3 948 3
2 102 3 436 0 22 2
2 435 0 817 2 535 2
2 449 1 545 1 218 1
0 535 3 661 1 89 0
2 12 0 154 3 678 2
2 69 0 700 3 948 3
2 102 3 436 0 22 2
2 435 0 817 2 535 2
0 291 2 405 3 450 3
0 535 3 661 1 89 0
2 12 0 154 3 678 2
2 69 0 700 3 948 3
2 102 3 436 0 22 2
2 435 0 817 2 535 2
0 535 3 661 1 89 0
2 12 0 154 3 678 2
2 69 0 700 3 948 3
2 102 3 436 0 22 2
2 435 0 817 2 535 2
0 535 3 661 1 89 0
2 12 0 154 3 678 2
2 69 0 700 3 948 3
2 102 3 436 0 22 2
2 435 0 817 2 535 2
1 39 2 379 3 454 3
0 535 3 661 1 89 0
2 12 0 154 3 678 2
2 69 0 700 3 948 3
2 102 3 436 0 22 2
2 435 0 817 2 535 2
0 535 3 661 1 89 0
2 12 0 154 3 678 2
2 69 0 700 3 948 3
2 102 3 436 0 22 2
2 435 0 817 2 535 2
2 468 1 701 1 387 3
0 535 3 661 1 89 0
2 12 0 154 3 678 2
2 69 0 700 3 948 3
2 102 3 436 0 22 2
2 435 0 817 2 535 2
0 535 3 661 1 89 0
2 12 0 154 3 678 2
2 69 0 700 3 948 3
2 102 3 436 0 22 2
2 435 0 817 2 535 2
0 26 0 875 1 758 3
0 835 1 528 3 323 3
0 535 3 661 1 89 0
2 12 0 154 3 678 2
2 69 0 700 3 948 3
2 102 3 436 0 22 2
2 435 0 817 2 535 2
0 535 3 661 1 89 0
2 12 0 154 3 678 2
2 69 0 700 3 948 3
2 102 3 436 0 22 2
2 435 0 817 2 535 2
0 535 3 661 1 89 0
2 12 0 154 3 678 2
2 69 0 700 3 948 3
2 102 3 436 0 22 2
2 435 0 817 2 535 2
0 535 3 661 1 89 0
2 12 0 154 3 678 2
2 69 0 700 3 948 3
2 102 3 436 0 22 2
2 435 0 817 2 535 2
0 535 3 661 1 89 0
2 12 0 154 3 678 2
2 69 0 700 3 948 3
2 102 3 436 0 22 2
2 435 0 817 2 535 2
1 439 3 969 0 926 0
0 706 1 40 2 616 2
2 421 0 935 3 668 2
0 535 3 661 1 89 0
2 12 0 154 3 678 2
2 69 0 700 3 948 3
2 102 3 436 0 22 2
2 435 0 817 2 535 2
0 535 3 661 1 89 0
2 12 0 154 3 678 2
2 69 0 700 3 948 3
2 102 3 436 0 22 2
2 435 0 817 2 535 2
0 889 3 306 3 95 1
0 535 3 661 1 89 0
2 12 0 154 3 678 2
2 69 0 700 3 948 3
2 102 3 436 0 22 2
2 435 0 817 2 535 2
2 353 0 173 3 362 2
1 882 1 556 2 827 0
0 535 3 661 1 89 0
2 12 0 154 3 678 2
2 69 0 700 3 948 3
2 102 3 436 0 22 2
2 435 0 817 2 535 2
0 535 3 661 1 89 0
2 12 0 154 3 678 2
2 69 0 700 3 948 3
2 102 3 436 0 22 2
2 435 0 817 2 535 2
0 535 3 661 1 89 0
2 12 0 154 3 678 2
2 69 0 700 3 948 3
2 102 3 436 0 22 2
2 435 0 817 2 535 2
2 643 3 604 0 706 3
1 8 2 569 2 255 2
0 940 1 733 1 584 3
1 614 2 835 0 342 2
2 793 1 222 3 812 2
0 535 3 661 1 89 0
2 12 0 154 3 678 2
2 69 0 700 3 948 3
2 102 3 436 0 22 2
2 435 0 817 2 535 2
2 574 3 503 0 870 1
0 210 2 156 1 43 2
0 535 3 661 1 89 0
2 12 0 154 3 678 2
2 69 0 700 3 948 3
2 102 3 436 0 22 2
2 435 0 817 2 535 2
0 535 3 661 1 89 0
2 12 0 154 3 678 2
2 69 0 700 3 948 3
2 102 3 436 0 22 2
2 435 0 817 2 535 2
0 535 3 661 1 89 0
2 12 0 154 3 678 2
2 69 0 700 3 948 3
2 102 3 436 0 22 2
2 435 0 817 2 535 2
0 175 0 54 0 485 0
0 535 3 661 1 89 0
2 12 0 154 3 678 2
2 69 0 700 3 948 3
2 102 3 436 0 22 2
2 435 0 817 2 535 2
0 535 3 661 1 89 0
2 12 0 154 3 678 2
2 69 0 700 3 948 3
2 102 3 436 0 22 2
2 435 0 817 2 535 2
1 173 2 399 0 77 3
0 644 3 117 2 207 2
0 134 3 542 1 891 1
0 535 3 661 1 89 0
2 12 0 154 3 678 2
2 69 0 700 3 948 3
2 102 3 436 0 22 2
2 435 0 817 2 535 2
0 535 3 661 1 89 0
2 12 0 154 3 678 2
2 69 0 700 3 948 3
2 102 3 436 0 22 2
2 435 0 817 2 535 2
0 535 3 661 1 89 0
2 12 0 154 3 678 2
2 69 0 700 3 948 3
2 102 3 436 0 22 2
2 435 0 817 2 535 2
0 856 3 900 1 73 3
2 552 3 512 3 628 3
0 770 2 244 3 232 0
0 535 3 661 1 89 0
2 12 0 154 3 678 2
2 69 0 700 3 948 3
2 102 3 436 0 22 2
2 435 0 817 2 535 2
0 535 3 661 1 89 0
2 12 0 154 3 678 2
2 69 0 700 3 948 3
2 102 3 436 0 22 2
2 435 0 817 2 535 2
0 535 3 661 1 89 0
2 12 0 154 3 678 2
2 69 0 700 3 948 3
2 102 3 436 0 22 2
2 435 0 817 2 535 2
0 535 3 661 1 89 0
2 12 0 154 3 678 2
2 69 0 700 3 948 3
2 102 3 436 0 22 2
2 435 0 817 2 535 2
0 535 3 661 1 89 0
2 12 0 154 3 678 2
2 69 0 700 3 948 3
2 102 3 436 0 22 2
2 435 0 817 2 535 2
0 535 3 661 1 89 0
2 12 0 154 3 678 2
2 69 0 700 3 948 3
2 102 3 436 0 22 2
2 435 0 817 2 535 2
0 239 0 273 3 941 2
0 535 3 661 1 89 0
2 12 0 154 3 678 2
2 69 0 700 3 948 3
2 102 3 436 0 22 2
2 435 0 817 2 535 2
2 167 0 244 2 336 0
2 930 0 375 2 533 3
0 535 3 661 1 89 0
2 12 0 154 3 678 2
2 69 0 700 3 948 3
2 102 3 436 0 22 2
2 435 0 817 2 535 2
0 535 3 661 1 89 0
2 12 0 154 3 678 2
2 69 0 700 3 948 3
2 102 3 436 0 22 2
2 435 0 817 2 535 2
0 535 3 661 1 89 0
2 12 0 154 3 678 2
2 69 0 700 3 948 3
2 102 3 436 0 22 2
2 435 0 817 2 535 2
2 828 1 92 3 661 2
1 416 1 327 0 692 0
0 535 3 661 1 89 0
2 12 0 154 3 678 2
2 69 0 700 3 948 3
2 102 3 436 0 22 2
2 435 0 817 2 535 2
0 553 0 503 3 876 3
2 378 1 356 1 151 3
2 519 0 566 1 403 0
0 535 3 661 1 89 0
2 12 0 154 3 678 2
2 69 0 700 3 948 3
2 102 3 436 0 22 2
2 435 0 817 2 535 2
0 535 3 661 1 89 0
2 12 0 154 3 678 2
2 69 0 700 3 948 3
2 102 3 436 0 22 2
2 435 0 817 2 535 2
1 972 0 899 2 664 0
1 640 2 751 1 560 1
0 535 3 661 1 89 0
2 12 0 154 3 678 2
2 69 0 700 3 948 3
2 102 3 436 0 22 2
2 435 0 817 2 535 2
0 817 3 152 2 215 1
0 535 3 661 1 89 0
2 12 0 154 3 678 2
2 69 0 700 3 948 3
2 102 3 436 0 22 2
2 435 0 817 2 535 2
0 535 3 661 1 89 0
2 12 0 154 3 678 2
2 69 0 700 3 948 3
2 102 3 436 0 22 2
2 435 0 817 2 535 2
0 535 3 661 1 89 0
2 12 0 154 3 678 2
2 69 0 700 3 948 3
2 102 3 436 0 22 2
2 435 0 817 2 535 2
0 535 3 661 1 89 0
2 12 0 154 3 678 2
2 69 0 700 3 948 3
2 102 3 436 0 22 2
2 435 0 817 2 535 2
0 535 3 661 1 89 0
2 12 0 154 3 678 2
2 69 0 700 3 948 3
2 102 3 436 0 22 2
2 435 0 817 2 535 2
2 317 0 4 0 646 1
2 893 1 14 0 174 2
1 195 0 306 2 709 0
0 535 3 661 1 89 0
2 12 0 154 3 678 2
2 69 0 700 3 948 3
2 102 3 436 0 22 2
2 435 0 817 2 535 2
0 535 3 661 1 89 0
2 12 0 154 3 678 2
2 69 0 700 3 948 3
2 102 3 436 0 22 2
2 435 0 817 2 535 2
0 535 3 661 1 89 0
2 12 0 154 3 678 2
2 69 0 700 3 948 3
2 102 3 436 0 22 2
2 435 0 817 2 535 2
0 535 3 661 1 89 0
2 12 0 154 3 678 2
2 69 0 700 3 948 3
2 102 3 436 0 22 2
2 435 0 817 2 535 2
1 776 2 301 1 142 2
2 31 3 356 0 400 2
0 535 3 661 1 89 0
2 12 0 154 3 678 2
2 69 0 700 3 948 3
2 102 3 436 0 22 2
2 435 0 817 2 535 2
0 535 3 661 1 89 0
2 12 0 154 3 678 2
2 69 0 700 3 948 3
2 102 3 436 0 22 2
2 435 0 817 2 535 2
0 415 0 954 2 86 3
1 721 3 862 3 64 2
1 436 3 23 2 951 2
0 535 3 661 1 89 0
2 12 0 154 3 678 2
2 69 0 700 3 948 3
2 102 3 436 0 22 2
2 435 0 817 2 535 2
0 535 3 661 1 89 0
2 12 0 154 3 678 2
2 69 0 700 3 948 3
2 102 3 436 0 22 2
2 435 0 817 2 535 2
0 535 3 661 1 89 0
2 12 0 154 3 678 2
2 69 0 700 3 948 3
2 102 3 436 0 22 2
2 435 0 817 2 535 2
2 250 3 326 0 931 2
0 535 3 661 1 89 0
2 12 0 154 3 678 2
2 69 0 700 3 948 3
2 102 3 436 0 22 2
2 435 0 817 2 535 2
0 535 3 661 1 89 0
2 12 0 154 3 678 2
2 69 0 700 3 948 3
2 102 3 436 0 22 2
2 435 0 817 2 535 2
1 811 1 42 2 423 1
2 594 0 849 1 795 3
0 488 3 532 1 396 3
2 135 0 949 1 881 2
2 119 0 35 2 81 1
0 535 3 661 1 89 0
2 12 0 154 3 678 2
2 69 0 700 3 948 3
2 102 3 436 0 22 2
2 435 0 817 2 535 2
0 535 3 661 1 89 0
2 12 0 154 3 678 2
2 69 0 700 3 948 3
2 102 3 436 0 22 2
2 435 0 817 2 535 2
2 784 1 161 0 859 1
1 727 3 526 0 738 1
0 102 1 950 0 473 2
0 964 1 950 0 832 3
0 535 3 661 1 89 0
2 12 0 154 3 678 2
2 69 0 700 3 948 3
2 102 3 436 0 22 2
2 435 0 817 2 535 2
0 535 3 661 1 89 0
2 12 0 154 3 678 2
2 69 0 700 3 948 3
2 102 3 436 0 22 2
2 435 0 817 2 535 2
0 535 3 661 1 89 0
2 12 0 154 3 678 2
2 69 0 700 3 948 3
2 102 3 436 0 22 2
2 435 0 817 2 535 2
0 31 0 727 3 23 3
0 535 3 661 1 89 0
2 12 0 154 3 678 2
2 69 0 700 3 948 3
2 102 3 436 0 22 2
2 435 0 817 2 535 2
0 315 3 169 1 320 0
2 542 2 358 2 164 0
1 824 1 965 0 616 1
2 209 3 936 0 752 3
0 875 3 837 3 723 3
0 535 3 661 1 89 0
2 12 0 154 3 678 2
2 69 0 700 3 948 3
2 102 3 436 0 22 2
2 435 0 817 2 535 2
2 404 3 49 0 958 2
0 715 1 895 0 913 0
0 535 3 661 1 89 0
2 12 0 154 3 678 2
2 69 0 700 3 948 3
2 102 3 436 0 22 2
2 435 0 817 2 535 2
1 357 0 79 3 888 2
2 854 1 252 3 86 1
2 539 0 872 1 960 3
0 535 3 661 1 89 0
2 12 0 154 3 678 2
2 69 0 700 3 948 3
2 102 3 436 0 22 2
2 435 0 817 2 535 2
0 535 3 661 1 89 0
2 12 0 154 3 678 2
2 69 0 700 3 948 3
2 102 3 436 0 22 2
2 435 0 817 2 535 2
0 535 3 661 1 89 0
2 12 0 154 3 678 2
2 69 0 700 3 948 3
2 102 3 436 0 22 2
2 435 0 817 2 535 2
0 535 3 661 1 89 0
2 12 0 154 3 678 2
2 69 0 700 3 948 3
2 102 3 436 0 22 2
2 435 0 817 2 535 2
1 958 2 655 3 943 2
1 393 0 260 3 673 0
0 649 2 321 0 226 1
2 344 1 384 3 682 2
0 535 3 661 1 89 0
2 12 0 154 3 678 2
2 69 0 700 3 948 3
2 102 3 436 0 22 2
2 435 0 817 2 535 2
1 957 3 912 0 118 3
0 355 0 996 3 590 3
2 780 1 674 1 886 1
2 597 1 402 3 68 2
0 53 0 773 3 419 2
0 535 3 661 1 89 0
2 12 0 154 3 678 2
2 69 0 700 3 948 3
2 102 3 436 0 22 2
2 435 0 817 2 535 2
0 194 1 245 1 862 1
1 368 3 157 1 429 1
0 535 3 661 1 89 0
2 12 0 154 3 678 2
2 69 0 700 3 948 3
2 102 3 436 0 22 2
2 435 0 817 2 535 2
1 621 3 673 2 344 3
2 602 2 32 0 200 3
0 535 3 661 1 89 0
2 12 0 154 3 678 2
2 69 0 700 3 948 3
2 102 3 436 0 22 2
2 435 0 817 2 535 2
1 296 0 977 2 679 1
0 535 3 661 1 89 0
2 12 0 154 3 678 2
2 69 0 700 3 948 3
2 102 3 436 0 22 2
2 435 0 817 2 535 2
0 535 3 661 1 89 0
2 12 0 154 3 678 2
2 69 0 700 3 948 3
2 102 3 436 0 22 2
2 435 0 817 2 535 2
1 714 0 114 1 782 1
1 425 2 470 3 348 0
1 97 3 143 3 603 3
2 169 2 278 3 918 0
0 535 3 661 1 89 0
2 12 0 154 3 678 2
2 69 0 700 3 948 3
2 102 3 436 0 22 2
2 435 0 817 2 535 2
0 535 3 661 1 89 0
2 12 0 154 3 678 2
2 69 0 700 3 948 3
2 102 3 436 0 22 2
2 435 0 817 2 535 2
0 535 3 661 1 89 0
2 12 0 154 3 678 2
2 69 0 700 3 948 3
2 102 3 436 0 22 2
2 435 0 817 2 535 2
0 535 3 661 1 89 0
2 12 0 154 3 678 2
2 69 0 700 3 948 3
2 102 3 436 0 22 2
2 435 0 817 2 535 2
0 535 3 661 1 89 0
2 12 0 154 3 678 2
2 69 0 700 3 948 3
2 102 3 436 0 22 2
2 435 0 817 2 535 2
0 645 3 198 3 785 2
0 535 3 661 1 89 0
2 12 0 154 3 678 2
2 69 0 700 3 948 3
2 102 3 436 0 22 2
2 435 0 817 2 535 2
0 535 3 661 1 89 0
2 12 0 154 3 678 2
2 69 0 700 3 948 3
2 102 3 436 0 22 2
2 435 0 817 2 535 2
2 483 1 88 2 648 3
0 535 3 661 1 89 0
2 12 0 154 3 678 2
2 69 0 700 3 948 3
2 102 3 436 0 22 2
2 435 0 817 2 535 2
2 963 2 356 1 119 2
1 274 0 39 3 489 2
0 491 3 379 1 769 0
2 412 2 462 3 719 3
2 253 0 916 0 630 2
0 626 3 655 3 305 1
0 535 3 661 1 89 0
2 12 0 154 3 678 2
2 69 0 700 3 948 3
2 102 3 436 0 22 2
2 435 0 817 2 535 2
0 535 3 661 1 89 0
2 12 0 154 3 678 2
2 69 0 700 3 948 3
2 102 3 436 0 22 2
2 435 0 817 2 535 2
0 535 3 661 1 89 0
2 12 0 154 3 678 2
2 69 0 700 3 948 3
2 102 3 436 0 22 2
2 435 0 817 2 535 2
2 770 2 387 0 518 1
0 297 2 150 3 399 3
0 535 3 661 1 89 0
2 12 0 154 3 678 2
2 69 0 700 3 948 3
2 102 3 436 0 22 2
2 435 0 817 2 535 2
0 535 3 661 1 89 0
2 12 0 154 3 678 2
2 69 0 700 3 948 3
2 102 3 436 0 22 2
2 435 0 817 2 535 2
0 535 3 661 1 89 0
2 12 0 154 3 678 2
2 69 0 700 3 948 3
2 102 3 436 0 22 2
2 435 0 817 2 535 2
0 535 3 661 1 89 0
2 12 0 154 3 678 2
2 69 0 700 3 948 3
2 102 3 436 0 22 2
2 435 0 817 2 535 2
0 535 3 661 1 89 0
2 12 0 154 3 678 2
2 69 0 700 3 948 3
2 102 3 436 0 22 2
2 435 0 817 2 535 2
0 535 3 661 1 89 0
2 12 0 154 3 678 2
2 69 0 700 3 948 3
2 102 3 436 0 22 2
2 435 0 817 2 535 2
0 535 3 661 1 89 0
2 12 0 154 3 678 2
2 69 0 700 3 948 3
2 102 3 436 0 22 2
2 435 0 817 2 535 2
2 826 1 50 1 442 3
0 535 3 661 1 89 0
2 12 0 154 3 678 2
2 69 0 700 3 948 3
2 102 3 436 0 22 2
2 435 0 817 2 535 2
1 118 0 757 1 785 0
2 302 1 414 2 148 1
0 43 2 768 2 554 1
0 535 3 661 1 89 0
2 12 0 154 3 678 2
2 69 0 700 3 948 3
2 102 3 436 0 22 2
2 435 0 817 2 535 2
0 458 2 315 2 463 0
-1 -1 -1 -1 -1 -1 -1